31321
63003
41647
10612
53201
2940
55503
37881
68413
35476
61079
42894
33599
33539
42581
99976
33216
86687
46054
97669
43521
81307
60711
20002
8339
59007
24621
74970
25353
37347
13569
86098
23852
56166
56446
10672
46457
25647
77202
87066
36938
959
49823
50781
58833
90648
64372
83295
91528
22463
66436
40226
56091
81007
48734
33936
48475
35735
40919
96895
36642
39361
34105
26427
82111
95737
97090
4260
77356
9785
99289
87523
93624
31985
25576
75510
43943
24176
31295
46062
84786
93204
27984
31407
75628
51632
23088
85670
1319
75915
99857
65748
65788
97810
51048
43800
19960
87932
87706
99837
11877
63034
60429
86054
23709
17410
46561
79680
94803
92963
67463
15434
90977
5862
33139
12026
48599
53866
61684
82284
80624
58214
31035
93358
56349
4268
70988
91518
88658
80001
17882
30455
81661
62893
17450
44781
82719
4749
48664
71460
74268
16963
72039
54431
79816
58715
24416
63628
81133
41589
48372
93292
57484
41354
62643
67171
80279
76339
70162
23528
77205
88901
90795
4817
13270
52078
20599
73974
69707
33126
70525
4219
71690
37612
99553
21475
29097
28692
7056
12033
5819
47722
94310
67127
62132
32628
42960
87148
705
95035
57771
89676
13873
50469
30017
71561
67185
15508
99953
80332
67044
42531
56471
40483
59054
70817
74320
43055
72793
47347
62654
3385
66728
55628
2207
62424
43884
67524
45043
15707
44966
64560
3268
68914
35325
22116
9975
51641
2877
91429
62449
41386
34618
76874
61980
58053
24034
93289
3687
76646
96894
42927
48466
88248
51099
83909
49982
80035
29804
61412
81166
55627
17307
97688
10309
36325
91228
74236
9496
3436
89105
61109
47515
30552
74893
79842
44028
74182
78042
34782
49901
80056
28281
5517
99280
93540
28298
7186
83638
67610
19531
6833
20860
76981
73423
20761
7771
72065
37460
2257
44365
41632
27678
82114
43094
37801
41995
46428
47755
57879
88348
68777
90235
16511
42235
87982
50883
11101
87657
9254
36655
91239
5635
28256
32026
60690
65274
92456
84422
9864
13046
93739
69752
31836
6580
29471
36778
42846
80992
90004
60340
97430
25758
13080
38867
84731
51730
33575
93452
23682
84212
49266
44002
86536
99517
19420
46526
63259
20856
61010
5044
65382
16703
87915
90301
42402
84904
3121
98232
94949
82924
29977
76261
37355
26461
89059
50180
90913
69101
53607
63063
56666
5950
17367
19138
73363
12708
69663
31797
79319
83266
2827
74277
67581
49172
9123
5383
86238
88425
65998
36715
53365
58986
51365
35642
34176
88850
79191
18707
77589
49699
96560
25547
89028
25522
57849
5015
92458
14248
55154
38788
23899
43087
60640
70787
32530
51850
20124
61751
29736
24624
86618
31002
76380
5908
88958
40031
85736
33710
9157
20060
44009
8154
95095
23175
87766
15628
66386
76531
69388
5989
43225
44663
64380
77429
7795
9970
89929
64643
4563
92446
13062
56543
76748
21725
8867
57518
51511
20801
90935
84931
55510
44421
49393
90510
50137
3881
80452
62405
88495
34343
78854
66522
70826
17247
72908
57072
73557
29365
70851
29349
29451
71398
26237
89323
37700
51155
24766
57014
18478
22399
29169
96927
15573
11863
86822
43122
64958
15663
17526
26918
83500
15308
1326
38866
38332
64495
6795
35005
9368
32468
6332
41003
95293
29938
67423
93530
49031
40503
90086
3563
13886
92271
37126
70165
60113
73234
90724
75654
39989
32982
27934
48981
52901
57605
65154
62414
51699
51980
93904
95836
87101
76569
68505
2818
89926
30429
24899
58097
5032
8772
97809
37106
47342
77371
22158
30315
98644
25507
59233
20364
47856
55442
97275
20496
57762
47929
47743
69468
51073
117
66382
17279
36656
14954
19322
82945
64147
94653
97809
61273
82968
61456
985
15042
59309
52904
40042
40392
92664
40966
62506
54375
93367
90613
97512
75734
12917
31986
81025
97650
31904
38937
67614
3377
62447
52910
67241
68002
95015
92697
80052
35145
76561
7054
40273
66103
91759
28460
15749
85487
70763
8111
94635
9430
4406
11994
81055
62909
7680
7530
97213
40135
83657
6160
41549
85251
58678
61166
68639
51789
13489
2468
95537
14664
92519
20406
40942
67065
51638
69445
47959
79548
96225
1328
77193
67899
44673
4616
2878
45878
85101
20853
90767
55479
91679
62091
33389
69395
16383
93440
4140
56138
82958
28636
51740
56743
12208
38928
17983
76611
32620
91952
61759
91132
46881
95028
335
33895
31655
42498
19495
77909
23741
53259
19378
94721
63546
73593
31234
29674
33924
98498
65050
98045
6550
52252
30837
31181
20192
9859
43891
36484
80623
82207
39918
86343
66742
32882
4972
5190
39111
98281
38790
96521
89760
69796
95530
21135
83893
70451
83163
55799
3794
81270
50715
25854
3452
54256
74921
1254
91947
72354
49686
3631
40527
64370
19412
87619
98457
9335
90247
656
89880
77118
93466
56278
28950
6722
32588
61920
28654
13789
79245
65995
15979
89130
75767
42438
81237
55569
6365
43636
97588
8366
59509
56261
21062
71333
67300
21223
65090
69326
71746
31996
3312
49445
36684
70437
91319
11902
25976
3106
87681
32774
4963
26062
38249
15731
59847
8765
51611
12977
5545
89619
98829
96064
19140
93074
12000
88381
18455
71751
85734
45528
1254
91122
7282
95054
64857
35065
78250
36756
25271
63264
73324
85600
92586
86898
32881
61860
52421
938
982
90279
83480
17768
9365
17748
14537
78028
41473
15956
46907
3127
91107
24725
47987
38492
19232
63945
33607
89672
25481
86803
6219
71578
88444
71658
75268
44863
84293
66770
33633
22348
36671
99218
3365
92775
21786
75778
81657
46996
66330
6390
83196
89889
7258
34023
53082
60649
27569
51517
40809
48841
43665
85053
44584
27296
86002
52927
22138
62273
94336
67783
63121
8533
20287
92946
34791
59410
40241
60375
74592
23503
69349
48584
53966
89453
21140
3043
69475
71106
88794
24465
86871
79404
91690
75325
17854
82870
75285
42619
72741
49785
85605
49623
51568
66307
61955
47605
96699
26461
34243
71220
64562
5843
16162
41515
31682
59123
44820
54735
19547
93167
8070
94103
67544
52760
46624
39242
38301
1011
92685
84549
90526
9235
71042
46330
78002
16200
62319
89264
34725
84142
2954
45400
91894
33057
58340
56519
15566
36711
11347
79392
53313
82629
68278
39667
83896
40418
14142
81187
13547
91973
39724
30237
13203
88237
76743
76250
15796
84333
87806
25664
6470
49998
85920
2779
59480