4470
98552
95330
67410
35442
848
98503
1309
34347
47677
29927
23419
70605
7868
33758
97707
95508
39846
62165
38207
78204
1108
1945
27788
28610
85457
40655
42543
91955
57922
52754
31305
60667
84650
7587
9459
43890
84128
44227
94901
98200
60451
41783
84179
58090
34029
22227
60760
71868
12532
64823
99709
37064
54451
15628
25030
79684
81223
59291
93341
44404
89435
73365
43176
71447
27599
33297
38454
16289
24233
75076
16348
97035
91940
58429
4860
79593
25602
275
61644
70547
67597
24847
68761
21740
16131
47689
97490
14184
28207
91687
77688
90767
18460
43125
44908
36523
8334
6366
28227
37703
28646
85943
47609
65125
70571
92958
66582
67918
43328
24118
78091
95492
1507
55515
35787
96785
31661
29353
26602
27274
51032
73143
72859
13747
65811
14685
20872
13898
84335
94883
65424
49121
13933
85588
39633
53177
51023
33383
24148
4931
29189
78445
68668
82055
19221
52109
76424
14283
57974
92419
72025
40034
37305
60970
87168
38911
40737
77023
6594
94647
4182
31195
31516
92637
19070
64178
67076
87461
17585
52549
93365
12197
68486
34261
21090
26918
48508
14372
79694
84753
79307
24906
49157
79757
89426
36748
34647
83159
19094
25892
40572
70378
48766
75203
75085
73998
42440
52033
8153
52488
14502
99933
69634
25169
48707
14337
76326
98167
55896
24899
57086
82252
85211
67141
29761
65731
81158
35601
38153
91951
98660
32695
53687
4762
92170
20560
4787
29296
45011
24209
13892
91714
72394
67056
76280
46504
81976
90213
67386
29000
52302
90265
48912
84837
5033
5894
23603
6588
92448
62991
68793
27204
57474
7988
21315
72909
3182
54326
39273
56987
43580
50500
52827
3574
54096
86968
49225
67642
40072
45809
50963
13031
84932
50269
53562
23387
66386
4469
69100
66911
21437
55662
8710
18556
42721
8079
3426
35118
96090
89127
22405
3585
96057
54909
5274
36855
3641
67412
26402
22692
77308
99509
61286
55793
88452
22232
20748
24429
79690
68911
95898
40422
87598
11324
30123
11361
60042
68838
38077
94698
10962
28115
15952
14604
16657
84301
53499
29895
93302
36741
48944
62475
28346
60866
88309
33845
79456
28272
26711
81259
59579
11815
15168
48941
37868
60951
57220
9787
32586
41724
2091
43785
38736
10418
11815
20585
46460
67400
80123
20606
38518
98067
56907
2229
52458
684
52821
3246
37162
37687
43277
63078
54199
72706
20162
45266
52765
1643
19507
71884
63881
53611
29778
32161
48797
11172
40073
86387
55329
61354
79181
96951
38372
48912
87240
4999
60113
79054
15365
34504
70010
26046
3444
72627
98116
58063
1497
98432
23818
30707
90856
73017
10215
2682
92911
22040
17699
97260
31552
96892
74952
61148
699
52051
33270
71529
3318
36571
68089
98525
35487
36452
42165
8955
6607
18098
14807
36021
22906
40738
36211
85795
69940
11778
45510
27533
42912
44926
87393
21887
26970
60111
87647
59710
3881
62770
94334
17551
65210
15541
31758
26616
72401
30935
65486
88179
70958
73435
81547
71877
34041
34159
52843
76264
36473
30003
22236
47369
46602
95782
45341
66905
3629
77717
80233
89416
85862
19626
69263
7886
36502
34724
94744
43831
93362
33811
20613
9895
3839
12040
26958
57141
47804
3040
58271
66696
21789
16010
93217
27613
34219
42756
87748
52936
25545
51325
38843
46377
64809
16351
85686
63607
58565
61478
49844
88575
90053
83355
46876
29099
3213
24922
20308
90045
14200
25250
74365
79540
67778
61860
14553
49586
49698
73051
84383
4179
31727
74694
7344
70432
33966
71569
76076
3012
80933
76910
68906
58023
13976
16557
13257
26365
45775
13492
53690
31854
22040
62869
73041
81648
24235
96859
70607
57423
2114
26508
51706
95712
62138
99252
52140
70301
97440
62238
97372
59695
12139
79926
53069
43567
26994
35915
5204
47878
53468
76963
29277
5653
19844
75968
81339
39313
77376
70475
87206
64628
25822
61295
83353
88833
87243
25579
45760
41201
56340
97247
42731
35998
29178
36839
68544
572
26827
2926
19007
60746
27616
18665
843
5046
60945
65882
84270
92563
48624
98500
33115
89244
61038
60374
30509
4829
52720
54223
72645
6148
28314
72684
2474
70225
32311
44493
66787
77900
56016
60159
54795
62915
98136
34210
26562
39899
684
34869
68827
64347
94145
98961
37018
83498
1392
56766
93470
89452
71691
321
4341
63345
88805
77641
7750
48774
56884
9709
13091
81100
13243
20723
78748
43714
22355
36312
54643
39720
50338
81622
26653
41960
93463
12690
29978
12710
41690
32964
37107
33913
90120
9976
47179
63089
37352
64141
64735
68155
31159
2595
30734
65571
83618
78308
56983
10412
61750
74394
15718
47249
7637
83142
23071
59539
61663
62637
49854
46556
66826
93468
63682
41276
91552
76192
66287
72960
35927
8314
19050
21127
4259
97466
51406
36236
42526
79264
74122
76218
33193
25408
28027
15984
99002
15152
63269
16402
28110
94697
88990
19899
74562
44987
8161
99073
29187
13542
35767
26055
96217
50253
53706
17277
86732
26783
40239
18978
59118
91996
29385
86185
62900
1515
11030
22337
65449
73074
19061
61936
92830
91611
72814
50161
78026
25565
41445
9396
21205
61280
67618
15002
9470
54013
31029
98387
91378
19250
68952
59917
96256
37482
61964
76816
95033
91719
84848
56083
88740
67088
18647
69691
70640
88937
62611
62815
58682
18820
39448
70725
87762
46003
21313
86330
34206
21219
47516
47190
84798
36616
45284
41589
12058
36858
68345
21185
99597
57198
40221
38813
21133
22739
97185
28437
99845
77057
98349
24201
23248
75639
86574
15898
53516
81481
13626
53429
13593
61061
51759
6753
69094
581
22657
68968
37205
4557
65972
38746
29096
70520
77334
65979
35048
11894
37452
95722
18522
31808
44503
45222
36103
45598
82988
20124
69512
4608
30352
46982
45137
53854
44560
1306
83979
62185
80578
53093
52221
2661
55359
74700
4935
10347
30885
69558
17900
54272
5457
32715
48101
88026
13767
88370
10713
59544
46532
79610
79674
20625
26785
32486
46876
90507
4010
42451
3285
47219
7215
3342
1601
9929
87608
2639
76203
99928
69899
67768
80931
52251
67432
61770
74929
98964
45517
80063
43863
41090
52509
69247
2704
33148
28643
48816
66486
14215
72982
36499
26105
46312
1127
89189
48955
31501
71495
21510
37295
23999
13182
80924
4986
52319
73627
72391
23546
19731
26668
66336
6122
39188
22096
77865
84758
26504
97020
72051
25068