79532
71548
65203
94658
77503
11446
93347
95815
89476
17681
2321
27285
42782
81150
78109
44467
84247
40029
5048
75968
65287
42624
62933
67658
36085
99383
94440
49383
62490
27497
7218
10475
2389
89243
59539
18782
96490
94516
11675
4686
784
51999
78788
28243
94014
75365
85033
56411
44658
87084
81492
75151
41808
64722
57759
32138
38642
73441
87137
76109
83307
99624
3418
7025
79574
65545
24676
57400
83839
71975
87730
44065
54285
21846
99791
12454
74467
55140
8160
34712
68022
25496
82440
30257
36994
12347
33564
11591
76953
63993
5723
68659
39944
91286
58025
35917
77367
25674
66275
15053
49240
15691
32190
90237
14089
79857
86085
52436
16061
89676
42394
69879
77295
63635
47573
522
8592
73427
11535
28480
93566
53263
17528
59948
14001
27019
98855
79464
91718
70513
74633
40783
29193
76074
39723
90769
5084
68532
7082
41661
77638
2570
25958
19226
90185
820
46982
32347
27458
32375
77026
39073
84037
1420
65281
29707
47722
79259
36604
34671
59840
4367
62671
77405
1564
64296
69479
97757
74470
59071
78594
54174
46615
9488
40775
87363
70285
85638
29549
80133
25250
76102
95158
16546
53004
66381
6661
65796
94012
60737
5430
35020
14287
1430
11038
62431
15256
2574
3729
34241
57220
33617
4440
31849
78748
83496
77116
91754
21178
34752
18391
27495
78636
99342
70677
68938
26350
79390
98583
6391
31383
77088
52045
56781
27034
55179
30209
46848
96955
77608
19815
39277
57728
8419
22797
11248
85674
68645
27299
70903
62081
48856
61195
85613
54168
89481
36230
57011
49575
93832
36827
98020
38544
55059
19677
75436
92671
36838
76897
65040
99321
49870
24926
39410
51287
84167
93374
52468
71116
98594
37371
63336
46994
21258
7918
51322
70365
43765
72678
51679
23039
19771
56917
90884
91574
69235
18343
54767
47936
40026
46198
53522
24903
92647
47625
58894
24908
77921
5000
10283
28893
17660
45888
34612
73124
77141
75792
87080
59544
75742
72914
18912
92848
79687
60781
85692
44300
46610
85924
67997
28336
46369
95856
75980
40897
94158
26281
69788
70249
73884
86927
51269
43593
50037
23218
72947
18757
31402
93533
46536
74428
6726
53496
52889
9376
7483
79982
27899
13943
89582
15874
69464
20392
5094
43300
17674
97058
39147
36652
61821
70800
56929
49298
14252
45437
57411
40520
35889
33489
30038
83470
41257
40562
67610
12663
44051
5830
45367
75576
83027
97805
89827
66625
93329
87374
75923
54337
81797
89999
52826
69081
92372
84069
13276
57884
72953
86719
85415
97252
96399
83912
47737
82964
91353
31559
26220
14234
43397
95494
76098
94096
61721
36349
37856
38358
39947
59290
45598
69754
29346
82173
25674
36023
96564
75136
82710
73635
86300
55876
51384
32080
29647
98030
71359
51471
50711
54631
38189
13184
32516
12934
79180
5233
85064
89443
61012
55500
72410
66921
20561
68807
99466
2026
78760
21406
23180
48077
99454
93101
40623
30764
23422
53868
85262
26074
71311
35068
82036
9718
56861
69491
67361
90126
86842
19150
45420
52037
49661
99192
66792
63854
99372
68128
83591
13212
50632
12331
45536
18498
41136
63850
33654
16178
996
16920
32906
96813
27605
62071
23429
20338
36219
58515
96284
55707
15893
39424
30070
74057
6334
59064
33758
41844
91385
88875
33485
73963
81766
39907
44393
72613
7982
10590
37670
69769
81723
98803
77890
4224
59632
26928
74689
12432
39616
94895
29852
64844
52412
95429
65178
83630
87989
37083
61209
63924
43516
51355
12360
68253
75518
27610
95597
8228
10144
35799
47302
2769
19860
96086
70235
80894
41361
67025
32228
3430
23673
55486
88305
64849
88926
62660
61754
31639
29862
5008
6495
81789
13417
1479
83550
61981
34516
15593
60721
23911
91814
38394
3006
71320
35235
48852
95324
37921
8793
79762
17022
19250
40090
24587
22414
60647
7516
40198
89234
50106
20395
74804
42939
52756
44659
27161
28655
60426
87422
9992
7071
99026
73001
7205
93680
21161
57597
26212
5931
76514
20941
70064
47854
89376
87850
44910
19729
59747
50359
17176
57484
80349
87043
42799
11950
58822
53483
26097
65315
49372
81950
30873
16687
45619
79144
9961
37139
44756
22236
24758
55945
53377
48302
95183
69085
58574
75515
77822
21742
33205
91656
11731
41231
97520
10420
86483
22432
16017
2637
8851
51697
238
82553
93785
31208
84405
60736
54113
61008
71154
15588
89346
25902
88233
81730
3593
97688
49336
30514
31837
88792
44967
52978
49800
12435
6536
93552
86929
94350
31036
37650
24285
48310
99677
14412
55461
35680
23652
20074
93548
10574
45553
9188
71425
94634
69604
47459
32762
91334
90651
41992
81988
33118
18488
98731
66306
3039
99434
32893
42445
41370
95872
78396
62856
31548
75308
29418
49946
40584
66035
49615
27455
14020
90907
22672
5102
13221
91813
84278
4324
77924
71090
78645
75073
80090
39044
8366
58741
86202
24012
93305
19587
55422
1158
49643
81828
92612
23975
69285
87084
82404
75823
93975
62170
12735
52845
8349
97065
19778
48222
41907
20242
80298
40100
39782
1929
53128
86529
36596
41130
8366
2204
1581
4756
9268
60116
95154
17541
51017
65169
71597
65953
84049
34955
54091
19321
25127
49741
26905
97588
39600
4460
94652
46070
23395
67026
69174
89194
54925
68041
82017
54951
75562
57253
97766
55880
69720
73479
48513
65646
14507
63422
95136
60043
77636
35928
30005
55593
23933
40802
86095
32516
56409
94509
11268
99735
85219
56333
36146
30681
31186
81390
39556
94135
94782
52168
25876
72459
56313
57411
16850
21067
12759
81500
79753
15317
13577
94261
29186
82671
7475
19062
30546
74716
77826
90549
5762
82407
3615
71044
81474
74620
80375
21776
4063
92103
8780
58374
65692
44058
64924
86923
56345
56520
3060
63524
43438
1384
46539
97151
61003
89216
40963
32788
76985
3327
31544
66690
99507
31633
21971
98436
50444
49515
15230
17759
1938
87918
79994
56488
78479
30014
23817
74232
15395
29739
67887
98193
35371
93974
74314
49807
69890
48002
77216
47678
90308
21873
27007
6356
55942
9078
55175
66097
72890
57470
2420
48411
4877
21066
81031
52544
4585
45267
83513
85991
36189
14459
28203
84600
23402
61309
78987
54282
31565
837
52975
34338
77941
91849
97616
85898
51316
72477
37233
32092
47189
66546
38401
77013
9192
34225
45685
35790
16388
88957
55459
28795
64928
68627
28449
35955
49295
14734
60720