73339
99105
60963
44930
65244
18334
6371
88553
61902
71585
49607
93096
637
98663
43561
34698
62867
2244
29937
44547
96442
77605
29875
31179
6372
27160
39527
76950
12739
16623
28362
9844
82697
57051
25525
19670
77033
63200
92545
55327
34123
16671
21916
22709
96388
53117
75931
53518
95229
14633
12247
50347
32843
95920
55906
44854
1805
25609
16494
72291
85389
12004
95211
71346
52467
80762
10373
88096
48849
18352
57746
13856
29790
75673
3199
29113
47293
84328
48510
56758
78884
94382
61415
57676
90359
3175
68596
14553
86086
62623
71932
8409
56652
67858
97811
91114
36251
86639
7773
9000
49922
85794
92208
98711
58650
58717
25079
1022
96072
86955
87056
10582
14017
68883
78108
58129
74739
1248
9660
47907
71767
51669
66058
4025
54126
83819
92887
40460
78273
4820
71215
87618
34096
80133
45270
64619
90396
69652
91682
43099
91259
52587
92609
84514
83750
90849
84424
75938
57327
45625
4674
32651
53526
32990
5143
5269
83550
32505
79392
40893
8007
64422
69869
92221
70597
74483
25816
48534
76216
24929
1194
55464
42224
55953
31158
83179
63686
52543
24388
15591
7059
39267
14291
80114
70239
5076
64549
78332
72854
85390
20500
47393
36500
56850
93724
30296
66065
8934
77054
72364
34042
56193
71785
50546
61748
53017
68879
88929
36695
14371
60508
57997
55292
32629
47115
2372
15334
45528
17557
71829
16493
70487
42489
37550
50522
73570
96995
54295
27915
87404
37671
65978
37506
48056
82194
24185
88202
63010
47359
45954
51325
22070
59399
11242
36092
48684
73252
58279
37506
84403
26594
17602
84744
54416
35056
98042
12737
43246
76342
80201
55399
53961
26392
69932
88211
84776
44537
56796
24279
2659
9680
59900
46561
76162
81911
17361
87601
17528
88823
52091
97147
917
33093
81397
96183
31325
75007
76102
46016
49380
92351
76584
48610
54551
33604
81064
92416
71137
82854
52394
63615
12039
75782
36587
15097
31692
84351
1649
62831
12765
67907
91003
93843
53011
67807
6374
42779
95660
97069
48530
35959
36737
28993
97638
99438
29995
39669
54989
3091
72944
68436
96324
19527
24569
34802
70349
70783
88720
60538
33218
54346
1650
25427
96469
82408
61558
38770
9342
19312
12253
86103
87156
86053
58665
51355
39988
37343
13379
64369
29646
68802
53746
42287
29733
47827
306
78237
51642
41515
64139
79239
19698
9618
89488
34558
98785
47560
28334
52800
24387
91367
86627
61433
78125
96101
12309
79424
34421
90429
37168
86659
73567
30504
36904
89824
7904
33424
47765
5394
55619
46309
49782
99158
4690
44736
52085
7666
73664
83354
12705
54993
91749
66469
42311
5371
634
12630
71234
52871
22240
77046
35073
95375
37767
16381
90723
7490
1222
21863
55813
85017
616
58150
63020
70228
82851
46932
47574
2190
1417
8001
97542
43427
89205
37542
89232
49918
18286
35125
37601
62078
16501
53108
8109
58512
3051
93516
4597
8221
60364
94073
17569
75036
35854
41442
76061
85335
21837
73601
30557
69528
77025
46594
36058
76850
25491
67542
9987
70898
93532
53187
73814
15887
53572
72904
22015
58393
60895
10659
95220
86055
44873
66531
30957
99237
66405
77846
17279
87241
20719
34217
2479
2597
15745
12820
61964
62190
96
79518
52671
87883
91721
80905
24037
35536
59162
48503
38498
85
61321
341
33303
91688
92776
34910
55871
79283
97518
38689
37870
58929
48412
15551
37885
75426
26990
11051
95210
16514
96114
95865
18358
32082
84265
82864
69877
78345
71494
84002
76084
95222
71414
22552
19782
52587
40162
13826
22264
92516
58147
71257
94925
91440
4170
45267
22245
32369
31670
47796
5961
27960
61258
56020
53866
62135
90304
25777
7378
67378
22429
62197
3143
65541
73480
47139
96549
74735
11453
26752
18542
35546
26614
59324
73556
75748
71219
47974
623
99524
51266
65735
3521
52938
37039
55414
47659
34042
66452
69732
95481
56152
29320
29089
95275
60887
51537
4877
41143
66964
99997
42826
92842
7485
14024
90883
41666
59427
24045
31122
70185
57494
79874
74738
19183
45100
95480
30530
6578
62775
27989
69957
57253
27096
96744
20413
5114
49779
21396
92891
41008
42057
77283
20696
160
24135
7084
4547
64175
17269
93422
38503
55501
91947
40508
29677
70599
77454
54502
70421
59396
3888
87330
97789
91889
98008
85664
58507
98876
45325
34269
15415
19818
10214
387
68871
35804
51310
45701
3580
57835
16431
40537
55280
91384
7195
6089
47741
46389
60804
614
45179
70517
42651
313
93442
16242
51997
78532
4825
60198
39771
47475
1755
73419
37088
28682
74388
58327
98997
39410
50595
47830
84796
8767
51323
51625
3186
51786
83259
21597
87175
32135
33667
64598
25542
87593
62434
18544
24130
89354
55855
65238
2389
11124
15291
71139
45958
38663
25839
77923
47318
19826
78634
94399
44827
62028
77956
32572
43165
76721
95212
3259
54467
10543
77711
98268
63405
14139
87289
3251
23183
23367
51621
83320
10206
3119
26925
57595
92263
38838
59885
29299
4740
70662
83510
79124
27834
29584
47749
28103
18098
94955
51974
81460
92424
15894
36915
37868
24930
528
64948
40394
81460
51021
10946
99214
54854
46733
94781
10349
51062
95945
76552
50109
68447
24655
50118
67523
26722
5451
48054
57343
224
67269
96158
27696
17104
5746
17941
71422
45886
78548
62942
46072
78767
25019
24919
52410
20283
52231
95093
49832
47628
87702
28394
78339
66768
54919
14968
86467
40783
69764
22034
97591
4802
44887
50026
34547
42062
73692
22417
78751
5968
16703
52362
87067
31380
69332
61461
46899
88102
36933
2094
26279
23989
63501
69838
90577
87517
35854
55992
18775
530
415
2133
49897
82966
70649
63391
35583
61333
5133
6507
3145
70075
2092
79201
82968
91095
9984
5747
48765
25261
178
93898
65977
23057
61836
32571
20800
24033
87002
10421
7657
78406
93969
42286
36412
41633
32111
21069
50573
59603
85328
3019
44121
20371
58200
94822
3298
94689
60499
12973
80843
21463
23857
78689
30876
14296
62692
43950
44232
4593
38226
67192
95529
56450
93847
27281
23667
45193
68752
35325
62718
633
32845
55743
64632
54704
90528
44289
31116
57164
83349
13191
41001
84796
76350
10318
162
55104
5747
38183
25278
61755
71374
44605
40039
75007
29129
59981
93838
96593
26802
37337
69696
2976
19828
38190
73026
83456
23916
60624
78531
35139
55477
66925
62369
90496
3767