41401
55098
76626
2499
8117
9731
53558
85173
65961
50156
8428
12949
33633
94533
13575
37146
8630
63347
16502
94511
80864
90971
91368
16655
44540
46913
55785
51363
98502
86435
27508
9770
9313
24526
9063
99088
94549
96135
57254
56872
58009
88397
66978
64678
72864
68900
60874
34387
69871
38307
94929
87647
12913
9529
19469
12538
5053
36417
6428
94304
29218
8027
59156
71906
8437
8044
72516
93373
24362
93997
70720
14621
50078
74488
49147
22645
41530
68841
73765
2955
51045
68942
99619
51402
6288
14225
44262
72738
47779
79381
64868
86187
69912
96397
39793
54059
28994
2562
20535
82236
94224
25712
7616
10528
29653
33070
63161
4874
35507
46582
97002
20640
48759
62238
28612
10338
39125
34923
74184
58308
857
31902
57994
56565
36962
18970
30823
55762
69777
62599
3678
19724
83614
79228
2459
88116
36098
17120
22419
40987
43882
6385
51730
17445
40192
64644
22258
83339
86801
71227
72856
89508
50631
80290
54572
18553
88865
93024
55982
94025
99051
24711
66472
9792
55853
42788
87708
85503
62786
95469
53494
32426
80319
95261
27199
78949
19501
8317
34076
26425
92604
14745
48515
55360
55055
43693
32945
11490
59303
24483
83432
49088
63713
36724
24554
5406
86784
8556
31656
35757
43695
84791
29587
75639
42474
29666
86501
26105
22909
67365
34652
65125
84259
54826
13466
19092
71120
70575
99036
21949
70380
92554
7271
21843
68859
66589
12233
88191
43321
79167
19861
32390
20978
58034
52416
19145
32708
4192
83351
61866
79017
767
57674
81777
61539
46034
56817
31010
66930
8029
95584
78758
75033
82676
6417
73548
82724
89360
90142
19034
44212
64814
74879
91580
16178
28220
742
40771
579
98456
81433
83369
17910
28821
83820
95110
6521
30138
5228
17483
37001
11283
6065
40974
22520
56922
98039
24776
86997
51384
35384
51714
70837
4950
4899
40491
83768
12411
76285
85641
94180
99341
46613
38459
8053
46354
6452
35908
18492
28828
62760
39829
78547
11977
56639
45608
83294
8196
43056
59887
40465
40069
61128
27637
4863
71760
68116
77461
60752
83939
16699
92760
12535
78308
78999
66675
1390
3000
6039
13214
94
27460
86023
54750
60640
41552
19191
57999
44897
46952
17055
76655
32514
32676
29120
99526
98618
38269
53201
83613
2794
97788
83937
8834
68116
53382
58659
64815
79937
29879
62962
31746
87196
32192
99866
19224
21387
38310
74422
8897
36419
80498
37487
19809
25640
94961
95665
45748
97877
37810
93804
48107
84854
85804
30200
87469
20050
57497
72559
97274
85680
45442
84772
75651
80605
38836
12096
5226
47032
94754
60838
314
6206
92237
73238
8110
78938
666
93761
71205
49167
42058
74079
6470
90222
45732
54745
59466
92942
11312
46466
79296
59898
97948
45997
10878
15841
5608
23163
6189
42854
17436
47768
51434
19445
44032
46280
15673
78838
35318
84112
87002
3144
60732
92015
89108
28006
52043
73389
19998
6666
7521
70259
69165
64252
10746
97137
55163
89929
44842
67519
76332
36866
7119
88354
11945
14690
65070
52549
61233
79012
13312
16643
67967
26131
52816
87628
35301
11283
55528
10140
38320
72692
63591
74057
28662
82078
88988
46130
2936
58116
16889
67604
70583
52676
25548
30770
41269
73441
42389
60187
76273
44133
67043
57034
9199
1188
38074
67538
81959
76557
56535
57857
74353
93948
470
35275
3669
13495
75158
48991
20938
50291
93894
248
21
7337
57617
2864
43806
74388
74989
73664
74422
11117
54168
72015
18189
15868
10030
54817
19983
19225
84958
65952
42618
49811
20660
89965
46779
93005
28509
2891
76378
17368
89250
60109
3618
30237
39421
86373
46410
25741
3248
28014
42602
26020
36666
45386
62378
10242
84411
63493
43012
83101
27594
55037
62901
51445
26694
67704
29006
45773
1289
76636
96031
19100
97202
34169
51309
66424
55790
14751
85752
31681
49802
97725
40317
66666
14035
15603
90595
94721
96591
83865
7986
62182
92548
26061
76464
93073
43162
56862
9267
47456
34028
91176
99938
90154
807
68189
90320
34469
35722
85230
99767
93868
24495
88630
47431
51172
35080
86949
86457
30210
4549
23054
31625
75494
13395
283
3855
62450
96201
21700
15018
2000
41272
59759
79624
47291
87357
24015
20226
70273
79497
55573
32431
43324
66255
50863
51087
43710
31321
96482
59438
28091
56835
64320
16
93570
47900
67446
1929
95100
83516
70165
45741
8098
92926
75807
77730
69275
24982
19327
34760
30062
86694
65989
87776
11676
15867
34184
84518
93927
38739
87645
5562
3006
62146
11446
77573
9038
84031
21600
47919
60443
11635
85952
78890
19403
56335
96152
34041
48917
53552
60594
65813
69108
69978
72787
64716
6891
49492
52334
56825
36084
97875
75366
71156
59341
23877
89573
1389
55818
64501
31153
76924
70354
10299
9626
42238
54873
3040
53386
93219
64127
15915
66684
1296
26781
7647
15350
4356
74837
7353
94888
52567
66593
24184
46635
81017
28843
72400
66906
92530
76422
9998
37530
74964
39582
1075
16600
72101
4283
46643
40167
34440
34366
45631
83390
42357
42609
3750
10758
1234
91594
54261
2392
61668
35523
33370
75298
51818
19545
38561
73453
65702
3894
11199
6016
26759
54588
91915
47072
18130
41299
66140
33367
84262
44043
69647
51987
10990
59306
57615
31746
73036
18112
55072
81003
52643
66665
45543
36225
35744
17869
78768
48254
8844
38887
37758
61742
47870
58264
58687
75601
90174
88221
12310
44428
19618
66773
13663
50711
5056
73345
20752
64574
70828
57447
7777
15520
10079
97611
78240
87517
78851
41964
93745
76388
96859
31369
5342
98304
94380
52994
13568
18392
91246
26182
56989
25161
72470
65428
92053
96736
85465
55927
96871
84745
91785
71487
8719
2160
71431
67016
98598
98397
83006
96787
90207
94261
6999
45808
49704
26822
61442
38370
78487
76105
12950
50437
49910
91881
54224
51420
82159
11871
99888
78547
92447
66663
96675
63529
547
14117
26956
97488
66450
17836
78114
72168
28448
13176
92023
92473
71824
59935
98379
79389
23822
89442
65620
56546
33943
61137
87272
56522
95416
8853
37635
94111
84092
18904
58827
31121
24060
90927
35749
23752
36977
49796
56900
69378
16011
72119
32526
65226
14148
66933
82685
59345
62809
21965
98022
46175
51498
3779
80142
44716
62891
24735
54825
58948
66221
40557
85971
65550
94335
42957
29792
4758
23321
13203
84200
97995
35899
40523
79596