26958
31321
57141
47804
3040
58271
63003
41647
10612
53201
2940
55503
37881
66696
21789
16010
68413
35476
61079
42894
33599
33539
42581
93217
27613
34219
42756
87748
52936
25545
51325
38843
46377
64809
16351
85686
63607
58565
61478
49844
88575
90053
83355
46876
29099
3213
24922
20308
90045
14200
25250
74365
79540
67778
61860
14553
49586
49698
73051
84383
4179
31727
74694
7344
70432
33966
71569
76076
3012
80933
76910
68906
58023
13976
16557
13257
26365
45775
13492
53690
31854
22040
62869
73041
81648
24235
96859
70607
57423
2114
26508
51706
95712
62138
99252
52140
70301
97440
62238
97372
59695
12139
79926
53069
43567
26994
35915
5204
47878
53468
76963
29277
5653
19844
75968
81339
39313
77376
70475
87206
64628
25822
61295
83353
88833
87243
25579
45760
41201
56340
97247
42731
35998
29178
36839
68544
572
26827
2926
19007
60746
27616
18665
843
5046
60945
65882
84270
92563
48624
98500
33115
89244
61038
60374
30509
4829
52720
54223
72645
6148
28314
72684
2474
70225
32311
44493
66787
77900
56016
60159
54795
62915
98136
34210
26562
39899
684
34869
68827
64347
94145
98961
37018
83498
1392
56766
93470
89452
71691
321
4341
63345
88805
77641
7750
48774
56884
9709
13091
81100
13243
20723
78748
43714
22355
36312
54643
39720
50338
81622
26653
41960
93463
12690
29978
12710
41690
32964
37107
33913
90120
9976
47179
63089
37352
64141
64735
68155
31159
2595
30734
65571
83618
78308
56983
10412
61750
74394
15718
47249
7637
83142
23071
59539
61663
62637
49854
46556
66826
93468
63682
41276
91552
76192
66287
72960
35927
8314
19050
21127
4259
97466
51406
36236
42526
79264
74122
76218
33193
25408
28027
15984
99002
15152
63269
16402
28110
94697
88990
19899
74562
44987
8161
99073
29187
13542
35767
26055
96217
50253
53706
17277
86732
26783
40239
18978
59118
91996
29385
86185
62900
1515
11030
22337
65449
73074
19061
61936
92830
91611
72814
50161
78026
25565
41445
9396
21205
61280
67618
15002
9470
54013
31029
98387
91378
19250
68952
59917
96256
37482
61964
76816
95033
91719
84848
56083
88740
67088
18647
69691
70640
88937
62611
62815
58682
18820
39448
70725
87762
46003
21313
86330
34206
21219
47516
47190
84798
36616
45284
41589
12058
36858
68345
21185
99597
57198
40221
38813
21133
22739
97185
28437
99845
77057
98349
24201
23248
75639
86574
15898
53516
81481
13626
53429
13593
61061
51759
6753
69094
581
22657
68968
37205
4557
65972
38746
29096
70520
77334
65979
35048
11894
37452
95722
18522
31808
44503
45222
36103
45598
82988
20124
69512
4608
30352
46982
45137
53854
44560
1306
83979
62185
80578
53093
52221
2661
55359
74700
4935
10347
30885
69558
17900
54272
5457
32715
48101
88026
13767
88370
10713
59544
46532
79610
79674
20625
26785
32486
46876
90507
4010
42451
3285
47219
7215
3342
1601
9929
87608
2639
76203
99928
69899
67768
80931
52251
67432
61770
74929
98964
45517
80063
43863
41090
52509
69247
2704
33148
28643
48816
66486
14215
72982
36499
26105
46312
1127
89189
48955
31501
71495
21510
37295
23999
13182
80924
4986
52319
73627
72391
23546
19731
26668
66336
6122
39188
22096
77865
84758
26504
97020
72051
25068
79532
71548
65203
94658
77503
11446
93347
95815
89476
17681
2321
27285
42782
81150
78109
44467
84247
40029
5048
75968
65287
42624
62933
67658
36085
99383
94440
49383
62490
27497
7218
10475
2389
89243
59539
18782
96490
94516
11675
4686
784
51999
78788
28243
94014
75365
85033
56411
44658
87084
81492
75151
41808
64722
57759
32138
38642
73441
87137
76109
83307
99624
3418
7025
79574
65545
24676
57400
83839
71975
87730
44065
54285
21846
99791
12454
74467
55140
8160
34712
68022
25496
82440
30257
36994
12347
33564
11591
76953
63993
5723
68659
39944
91286
58025
35917
77367
25674
66275
15053
49240
15691
32190
90237
14089
79857
86085
52436
16061
89676
42394
69879
77295
63635
47573
522
8592
73427
11535
28480
93566
53263
17528
59948
14001
27019
98855
79464
91718
70513
74633
40783
29193
76074
39723
90769
5084
68532
7082
41661
77638
2570
25958
19226
90185
820
46982
32347
27458
32375
77026
39073
84037
1420
65281
29707
47722
79259
36604
34671
59840
4367
62671
77405
1564
64296
69479
97757
74470
59071
78594
54174
46615
9488
40775
87363
70285
85638
29549
80133
25250
76102
95158
16546
53004
66381
6661
65796
94012
60737
5430
35020
14287
1430
11038
62431
15256
2574
3729
34241
57220
33617
4440
31849
78748
83496
77116
91754
21178
34752
18391
27495
78636
99342
70677
68938
26350
79390
98583
6391
31383
77088
52045
56781
27034
55179
30209
46848
96955
77608
19815
39277
57728
8419
22797
11248
85674
68645
27299
70903
62081
48856
61195
85613
54168
89481
36230
57011
49575
93832
36827
98020
38544
55059
19677
75436
92671
36838
76897
65040
99321
49870
24926
39410
51287
84167
93374
52468
71116
98594
37371
63336
46994
21258
7918
51322
70365
43765
72678
51679
23039
19771
56917
90884
91574
69235
18343
54767
47936
40026
46198
53522
24903
92647
47625
58894
24908
77921
5000
10283
28893
17660
45888
34612
73124
77141
75792
87080
59544
75742
72914
18912
92848
79687
60781
85692
44300
46610
85924
67997
28336
46369
95856
75980
40897
94158
26281
69788
70249
73884
86927
51269
43593
50037
23218
72947
18757
31402
93533
46536
74428
6726
53496
52889
9376
7483
79982
27899
13943
89582
15874
69464
20392
5094
43300
17674
97058
39147
36652
61821
70800
56929
49298
14252
45437
57411
40520
35889
33489
30038
83470
41257
40562
67610
12663
44051
5830
45367
75576
83027
97805
89827
66625
93329
87374
75923
54337
81797
89999
52826
69081
92372
84069
13276
57884
72953
86719
85415
97252
96399
83912
47737
82964
91353
31559
26220
14234
43397
95494
76098
94096
61721
36349
37856
38358
39947
59290
45598
69754
29346
82173
25674
36023
96564
75136
82710
73635
86300
55876
51384
32080
29647
98030
71359
51471
50711
54631
38189
13184
32516
12934
79180
5233
85064
89443
61012
55500
72410
66921
20561
68807
99466
2026
78760
21406
23180
48077
99454
93101
40623
30764
23422
53868
85262
26074
71311
35068
82036
9718
56861
69491
67361
90126
86842
19150
45420
52037
49661
99192
66792
63854
99372
68128
83591
13212
50632
12331
45536
18498
41136
63850
33654
16178
996
16920
32906
96813
27605
62071
23429
20338
36219
58515
96284
55707
15893
39424
30070
74057
6334
59064
33758
41844
91385
88875
33485
73963
81766
39907
44393
72613
7982
10590
37670
69769
81723
98803
77890
4224
59632
26928
74689
12432
39616
94895
29852
64844
52412
95429
65178
83630
87989
37083
61209
63924
43516
51355
12360
68253
75518
27610
95597
8228
10144
35799
47302
2769
19860
96086
70235
80894
41361
67025
32228
3430
23673
55486
88305
64849
88926
62660
61754
31639
29862
5008
6495
81789
13417
1479
83550
61981
34516
15593
60721
23911
91814
38394
3006
71320
35235
48852
95324
37921
8793
79762
17022
19250
40090
24587
22414
60647
7516
40198
89234
50106
20395
74804
42939
52756
44659
27161
28655
60426
87422
9992
7071
99026
73001
7205
93680
21161
57597
26212
5931
76514
20941
70064
47854
89376
87850
44910
19729
59747
50359
17176
57484
80349
87043
42799
11950
58822
53483
26097
65315
49372
81950
30873
16687
45619
79144
9961
37139
44756
22236
24758
55945
53377
48302
95183
69085
58574
75515
77822
21742
33205
91656
11731
41231
97520
10420
86483
22432
16017
2637
8851
51697
238
82553
93785
31208
84405
60736
54113
61008
71154
15588
89346
25902
88233
81730
3593
97688
49336
30514
31837
88792
44967
52978
49800
12435
6536
93552
86929
94350
31036
37650
24285
48310
99677
14412
55461
35680
23652
20074
93548
10574
45553
9188
71425
94634
69604
47459
32762
91334
90651
41992
81988
33118
18488
98731
66306
3039
99434
32893
42445
41370
95872
78396
62856
31548
75308
29418
49946
40584
66035
49615
27455
14020
90907
22672
5102
13221
91813
84278
4324
77924
71090
78645
75073
80090
39044
8366
58741
86202
24012
93305
19587
55422
1158
49643
81828
92612
23975
69285
87084
82404
75823
93975
62170
12735
52845
8349
97065
19778
48222
41907
20242
80298
40100
39782
1929
53128
86529
36596
41130
8366
2204
1581
4756
9268
60116
95154
17541
51017
65169
71597
65953
84049
34955
54091
19321
25127
49741
26905
97588
39600
4460
94652
46070
23395
67026
69174
89194
54925
68041
82017
54951
75562
57253
97766
55880
69720
73479
48513
65646
14507
63422
95136
60043
77636
35928
30005
55593
23933
40802
86095
32516
56409
94509
11268
99735
85219
56333
36146
30681
31186
81390
39556
94135
94782
52168
25876
72459
56313
57411
16850
21067
12759
81500
79753
15317
13577
94261
29186
82671
7475
19062
30546
74716
77826
90549
5762
82407
3615
71044
81474
74620
80375
21776
4063
92103
8780
58374
65692
44058
64924
86923
56345
56520
3060
63524
43438
1384
46539
97151
61003
89216
40963
32788
76985
3327
31544
66690
99507
31633
21971
98436
50444
49515
15230
17759
1938
87918
79994
56488
78479
30014
23817
74232
15395
29739
67887
98193
35371
93974
74314
49807
69890
48002
77216
47678
90308
21873
27007
6356
55942
9078
55175
66097
72890
57470
2420
48411
4877
21066
81031
52544
4585
45267
83513
85991
36189
14459
28203
84600
23402
61309
78987
54282
31565
837
52975
34338
77941
91849
97616
85898
51316
72477
37233
32092
47189
66546
38401
77013
9192
34225
45685
35790
16388
88957
55459
28795
64928
68627
28449
35955
49295
14734
60720
99976
33216
86687
46054
97669
43521
81307
60711
20002
8339
59007
24621
74970
25353
37347
13569
86098
23852
56166
56446
10672
46457
25647
77202
87066
36938
959
49823
50781
58833
90648
64372
83295
91528
22463
66436
40226
56091
81007
48734
33936
48475
35735
40919
96895
36642
39361
34105
26427
82111
95737
97090
4260
77356
9785
99289
87523
93624
31985
25576
75510
43943
24176
31295
46062
84786
93204
27984
31407
75628
51632
23088
85670
1319
75915
99857
65748
65788
97810
51048
43800
19960
87932
87706
99837
11877
63034
60429
86054
23709
17410
46561
79680
94803
92963
67463
15434
90977
5862
33139
12026
48599
53866
61684
82284
80624
58214
31035
93358
56349
4268
70988
91518
88658
80001
17882
30455
81661
62893
17450
44781
82719
4749
48664
71460
74268
16963
72039
54431
79816
58715
24416
63628
81133
41589
48372
93292
57484
41354
62643
67171
80279
76339
70162
23528
77205
88901
90795
4817
13270
52078
20599
73974
69707
33126
70525
4219
71690
37612
99553
21475
29097
28692
7056
12033
5819
47722
94310
67127
62132
32628
42960
87148
705
95035
57771
89676
13873
50469
30017
71561
67185
15508
99953
80332
67044
42531
56471
40483
59054
70817
74320
43055
72793
47347
62654
3385
66728
55628
2207
62424
43884
67524
45043
15707
44966
64560
3268
68914
35325
22116
9975
51641
2877
91429
62449
41386
34618
76874
61980
58053
24034
93289
3687
76646
96894
42927
48466
88248
51099
83909
49982
80035
29804
61412
81166
55627
17307
97688
10309
36325
91228
74236
9496
3436
89105
61109
47515
30552
74893
79842
44028
74182
78042
34782
49901
80056
28281
5517
99280
93540
28298
7186
83638
67610
19531
6833
20860
76981
73423
20761
7771
72065
37460
2257
44365
41632
27678
82114
43094
37801
41995
46428
47755
57879
88348
68777
90235
16511
42235
87982
50883
11101
87657
9254
36655
91239
5635
28256
32026
60690
65274
92456
84422
9864
13046
93739
69752
31836
6580
29471
36778
42846
80992
90004
60340
97430
25758
13080
38867
84731
51730
33575
93452
23682
84212
49266
44002
86536
99517
19420
46526
63259
20856
61010
5044
65382
16703
87915
90301
42402
84904
3121
98232
94949
82924
29977
76261
37355
26461
89059
50180
90913
69101
53607
63063
56666
5950
17367
19138
73363
12708
69663
31797
79319
83266
2827
74277
67581
49172
9123
5383
86238
88425
65998
36715
53365
58986
51365
35642
34176
88850
79191
18707
77589
49699
96560
25547
89028
25522
57849
5015
92458
14248
55154
38788
23899
43087
60640
70787
32530
51850
20124
61751
29736
24624
86618
31002
76380
5908
88958
40031
85736
33710
9157
20060
44009
8154
95095
23175
87766
15628
66386
76531
69388
5989
43225
44663
64380
77429
7795
9970
89929
64643
4563
92446
13062
56543
76748
21725
8867
57518
51511
20801
90935
84931
55510
44421
49393
90510
50137
3881
80452
62405
88495
34343
78854
66522
70826
17247
72908
57072
73557
29365
70851
29349
29451
71398
26237
89323
37700
51155
24766
57014
18478
22399
29169
96927
15573
11863
86822
43122
64958
15663
17526
26918
83500
15308
1326
38866
38332
64495
6795
35005
9368
32468
6332
41003
95293
29938
67423
93530
49031
40503
90086
3563
13886
92271
37126
70165
60113
73234
90724
75654
39989
32982
27934
48981
52901
57605
65154
62414
51699
51980
93904
95836
87101
76569
68505
2818
89926
30429
24899
58097
5032
8772
97809
37106
47342
77371
22158
30315
98644
25507
59233
20364
47856
55442
97275
20496
57762
47929
47743
69468
51073
117
66382
17279
36656
14954
19322
82945
64147
94653
97809
61273
82968
61456
985
15042
59309
52904
40042
40392
92664
40966
62506
54375
93367
90613
97512
75734
12917
31986
81025
97650
31904
38937
67614
3377
62447
52910
67241
68002
95015
92697
80052
35145
76561
7054
40273
66103
91759
28460
15749
85487
70763
8111
94635
9430
4406
11994
81055
62909
7680
7530
97213
40135
83657
6160
41549
85251
58678
61166
68639
51789
13489
2468
95537
14664
92519
20406
40942
67065
51638
69445
47959
79548
96225
1328
77193
67899
44673
4616
2878
45878
85101
20853
90767
55479
91679
62091
33389
69395
16383
93440
4140
56138
82958
28636
51740
56743
12208
38928
17983
76611
32620
91952
61759
91132
46881
95028
335
33895
31655
42498
19495
77909
23741
53259
19378
94721
63546
73593
31234
29674
33924
98498
65050
98045
6550
52252
30837
31181
20192
9859
43891
36484
80623
82207
39918
86343
66742
32882
4972
5190
39111
98281
38790
96521
89760
69796
95530
21135
83893
70451
83163
55799
3794
81270
50715
25854
3452
54256
74921
1254
91947
72354
49686
3631
40527
64370
19412
87619
98457
9335
90247
656
89880
77118
93466
56278
28950
6722
32588
61920
28654
13789
79245
65995
15979
89130
75767
42438
81237
55569
6365
43636
97588
8366
59509
56261
21062
71333
67300
21223
65090
69326
71746
31996
3312
49445
36684
70437
91319
11902
25976
3106
87681
32774
4963
26062
38249
15731
59847
8765
51611
12977
5545
89619
98829
96064
19140
93074
12000
88381
18455
71751
85734
45528
1254
91122
7282
95054
64857
35065
78250
36756
25271
63264
73324
85600
92586
86898
32881
61860
52421
938
982
90279
83480
17768
9365
17748
14537
78028
41473
15956
46907
3127
91107
24725
47987
38492
19232
63945
33607
89672
25481
86803
6219
71578
88444
71658
75268
44863
84293
66770
33633
22348
36671
99218
3365
92775
21786
75778
81657
46996
66330
6390
83196
89889
7258
34023
53082
60649
27569
51517
40809
48841
43665
85053
44584
27296
86002
52927
22138
62273
94336
67783
63121
8533
20287
92946
34791
59410
40241
60375
74592
23503
69349
48584
53966
89453
21140
3043
69475
71106
88794
24465
86871
79404
91690
75325
17854
82870
75285
42619
72741
49785
85605
49623
51568
66307
61955
47605
96699
26461
34243
71220
64562
5843
16162
41515
31682
59123
44820
54735
19547
93167
8070
94103
67544
52760
46624
39242
38301
1011
92685
84549
90526
9235
71042
46330
78002
16200
62319
89264
34725
84142
2954
45400
91894
33057
58340
56519
15566
36711
11347
79392
53313
82629
68278
39667
83896
40418
14142
81187
13547
91973
39724
30237
13203
88237
76743
76250
15796
84333
87806
25664
6470
49998
85920
2779
59480
4470
98552
95330
67410
35442
848
98503
1309
34347
47677
29927
23419
70605
7868
33758
97707
95508
39846
62165
38207
78204
1108
1945
27788
28610
85457
40655
42543
91955
57922
52754
31305
60667
84650
7587
9459
43890
84128
44227
94901
98200
60451
41783
84179
58090
34029
22227
60760
71868
12532
64823
99709
37064
54451
15628
25030
79684
81223
59291
93341
44404
89435
73365
43176
71447
27599
33297
38454
16289
24233
75076
16348
97035
91940
58429
4860
79593
25602
275
61644
70547
67597
24847
68761
21740
16131
47689
97490
14184
28207
91687
77688
90767
18460
43125
44908
36523
8334
6366
28227
37703
28646
85943
47609
65125
70571
92958
66582
67918
43328
24118
78091
95492
1507
55515
35787
96785
31661
29353
26602
27274
51032
73143
72859
13747
65811
14685
20872
13898
84335
94883
65424
49121
13933
85588
39633
53177
51023
33383
24148
4931
29189
78445
68668
82055
19221
52109
76424
14283
57974
92419
72025
40034
37305
60970
87168
38911
40737
77023
6594
94647
4182
31195
31516
92637
19070
64178
67076
87461
17585
52549
93365
12197
68486
34261
21090
26918
48508
14372
79694
84753
79307
24906
49157
79757
89426
36748
34647
83159
19094
25892
40572
70378
48766
75203
75085
73998
42440
52033
8153
52488
14502
99933
69634
25169
48707
14337
76326
98167
55896
24899
57086
82252
85211
67141
29761
65731
81158
35601
38153
91951
98660
32695
53687
4762
92170
20560
4787
29296
45011
24209
13892
91714
72394
67056
76280
46504
81976
90213
67386
29000
52302
90265
48912
84837
5033
5894
23603
6588
92448
62991
68793
27204
57474
7988
21315
72909
3182
54326
39273
56987
43580
50500
52827
3574
54096
86968
49225
67642
40072
45809
50963
13031
84932
50269
53562
23387
66386
4469
69100
66911
21437
55662
8710
18556
42721
8079
3426
35118
96090
89127
22405
3585
96057
54909
5274
36855
3641
67412
26402
22692
77308
99509
61286
55793
88452
22232
20748
24429
79690
68911
95898
40422
87598
11324
30123
11361
60042
68838
38077
94698
10962
28115
15952
14604
16657
84301
53499
29895
93302
36741
48944
62475
28346
60866
88309
33845
79456
28272
26711
81259
59579
11815
15168
48941
37868
60951
57220
9787
32586
41724
2091
43785
38736
10418
11815
20585
46460
67400
80123
20606
38518
98067
56907
2229
52458
684
52821
3246
37162
37687
43277
63078
54199
72706
20162
45266
52765
1643
19507
71884
63881
53611
29778
32161
48797
11172
40073
86387
55329
61354
79181
96951
38372
48912
87240
4999
60113
79054
15365
34504
70010
26046
3444
72627
98116
58063
1497
98432
23818
30707
90856
73017
10215
2682
92911
22040
17699
97260
31552
96892
74952
61148
699
52051
33270
71529
3318
36571
68089
98525
35487
36452
42165
8955
6607
18098
14807
36021
22906
40738
36211
85795
69940
11778
45510
27533
42912
44926
87393
21887
26970
60111
87647
59710
3881
62770
94334
17551
65210
15541
31758
26616
72401
30935
65486
88179
70958
73435
81547
71877
34041
34159
52843
76264
36473
30003
22236
47369
46602
95782
45341
66905
3629
77717
80233
89416
85862
19626
69263
7886
36502
34724
94744
43831
93362
33811
20613
9895
3839
